%YAML:1.0
---
cameraMatrix: !!opencv-matrix
   rows: 3
   cols: 3
   dt: d
   data: [ 1558.58380562319, -1.33623427638244, 616.255672156376, 0., 1559.45321885837, 407.938357279562, 0., 0., 1. ]
distCoeffs: !!opencv-matrix
   rows: 5
   cols: 1
   dt: d 
   data: [ -0.108226086830113, 0.418843716887355,
       0.000534074785397144, 0.00340883577518609, 0. ]