%YAML:1.0
---
# 备份
# 1280 x 1080 
cameraMatrix: !!opencv-matrix
   rows: 3
   cols: 3
   dt: d
   data: [ 1563.49632917599, -1.64965148813366, 625.969402028020, 0., 1565.40000543445, 536.528854507632, 0., 0., 1. ]
distCoeffs: !!opencv-matrix
   rows: 5
   cols: 1
   dt: d 
   data: [ -0.124338400066620, 0.370890179553010,
       0.000981003945523325, 0.00642193470947452, 0. ]

armour:
  small_half_x: 0.066 # 67.5
  small_half_y: 0.027 # 27.5
  big_half_x: 0.115 # 112.5
  big_half_y: 0.029 # 27.5

# 1280 x 768
# cameraMatrix: !!opencv-matrix
#    rows: 3
#    cols: 3
#    dt: d
#    data: [ 1558.58380562319, -1.33623427638244, 616.255672156376, 0., 1559.45321885837, 407.938357279562, 0., 0., 1. ]
# distCoeffs: !!opencv-matrix
#    rows: 5
#    cols: 1
#    dt: d 
#    data: [ -0.108226086830113, 0.418843716887355,
#        0.000534074785397144, 0.00340883577518609, 0. ]