%YAML:1.0
---
armour:
  small_half_x: 0.066 # 67.5
  small_half_y: 0.027 # 27.5
  big_half_x: 0.115 # 112.5
  big_half_y: 0.029 # 27.5
camera:
  cameraMatrix: !!opencv-matrix
    rows: 3
    cols: 3
    dt: d
    data: [ 7.796000490439997e+02, 3.000722814922607, 3.458309807069738e+02, 0., 7.806488995249852e+02, 2.643527788909110e+02, 0., 0., 1. ]
  distCoeffs: !!opencv-matrix
    rows: 5
    cols: 1
    dt: d 
    data: [ -0.006781929597814, -0.118410560079582,
        0.008818607294637, 0.017036996450261, 0. ]
  Tcb: !!opencv-matrix
    rows: 3
    cols: 3
    dt: d
    data: [ 1558.58380562319, -1.33623427638244, 616.255672156376, 0., 1559.45321885837, 407.938357279562, 0., 0., 1. ]
